0.000000000000000000e+00 0.000000000000000000e+00
9.051084319901522629e-04 0.000000000000000000e+00
1.810216863980304526e-03 0.000000000000000000e+00
2.715325295970457114e-03 0.000000000000000000e+00
3.620433727960609051e-03 0.000000000000000000e+00
4.525542159950761423e-03 0.000000000000000000e+00
5.430650591940914228e-03 0.000000000000000000e+00
6.335759023931066165e-03 0.000000000000000000e+00
7.240867455921218103e-03 0.000000000000000000e+00
8.145975887911370908e-03 0.000000000000000000e+00
9.051084319901522846e-03 0.000000000000000000e+00
9.956192751891674783e-03 0.000000000000000000e+00
1.086130118388182846e-02 0.000000000000000000e+00
1.176640961587198039e-02 0.000000000000000000e+00
1.267151804786213233e-02 0.000000000000000000e+00
1.357662647985228427e-02 0.000000000000000000e+00
1.448173491184243621e-02 0.000000000000000000e+00
1.538684334383258988e-02 0.000000000000000000e+00
1.629195177582274182e-02 0.000000000000000000e+00
1.719706020781289202e-02 0.000000000000000000e+00
1.810216863980304569e-02 0.000000000000000000e+00
1.900727707179319936e-02 0.000000000000000000e+00
1.991238550378334957e-02 0.000000000000000000e+00
2.081749393577350324e-02 0.000000000000000000e+00
2.172260236776365691e-02 0.000000000000000000e+00
2.262771079975380711e-02 0.000000000000000000e+00
2.353281923174396079e-02 0.000000000000000000e+00
2.443792766373411099e-02 0.000000000000000000e+00
2.534303609572426466e-02 0.000000000000000000e+00
2.624814452771441833e-02 0.000000000000000000e+00
2.715325295970456854e-02 0.000000000000000000e+00
2.805836139169472221e-02 0.000000000000000000e+00
2.896346982368487241e-02 0.000000000000000000e+00
2.986857825567502608e-02 0.000000000000000000e+00
3.077368668766517976e-02 0.000000000000000000e+00
3.167879511965532996e-02 0.000000000000000000e+00
3.258390355164548363e-02 0.000000000000000000e+00
3.348901198363563730e-02 0.000000000000000000e+00
3.439412041562578404e-02 0.000000000000000000e+00
3.529922884761593771e-02 0.000000000000000000e+00
3.620433727960609138e-02 0.000000000000000000e+00
3.710944571159624505e-02 0.000000000000000000e+00
3.801455414358639873e-02 0.000000000000000000e+00
3.891966257557655240e-02 0.000000000000000000e+00
3.982477100756669913e-02 0.000000000000000000e+00
4.072987943955685280e-02 0.000000000000000000e+00
4.163498787154700648e-02 0.000000000000000000e+00
4.254009630353716015e-02 0.000000000000000000e+00
4.344520473552731382e-02 0.000000000000000000e+00
4.435031316751746056e-02 0.000000000000000000e+00
4.525542159950761423e-02 0.000000000000000000e+00
4.616053003149776790e-02 0.000000000000000000e+00
4.706563846348792157e-02 0.000000000000000000e+00
4.797074689547807524e-02 0.000000000000000000e+00
4.887585532746822198e-02 0.000000000000000000e+00
4.978096375945837565e-02 0.000000000000000000e+00
5.068607219144852932e-02 0.000000000000000000e+00
5.159118062343868300e-02 0.000000000000000000e+00
5.249628905542883667e-02 0.000000000000000000e+00
5.340139748741898340e-02 0.000000000000000000e+00
5.430650591940913707e-02 0.000000000000000000e+00
5.521161435139929075e-02 0.000000000000000000e+00
5.611672278338944442e-02 0.000000000000000000e+00
5.702183121537959809e-02 0.000000000000000000e+00
5.792693964736974482e-02 0.000000000000000000e+00
5.883204807935989850e-02 0.000000000000000000e+00
5.973715651135005217e-02 0.000000000000000000e+00
6.064226494334020584e-02 0.000000000000000000e+00
6.154737337533035951e-02 0.000000000000000000e+00
6.245248180732050625e-02 0.000000000000000000e+00
6.335759023931065992e-02 0.000000000000000000e+00
6.426269867130081359e-02 0.000000000000000000e+00
6.516780710329096726e-02 0.000000000000000000e+00
6.607291553528112094e-02 0.000000000000000000e+00
6.697802396727127461e-02 0.000000000000000000e+00
6.788313239926142828e-02 0.000000000000000000e+00
6.878824083125156807e-02 0.000000000000000000e+00
6.969334926324172175e-02 0.000000000000000000e+00
7.059845769523187542e-02 0.000000000000000000e+00
7.150356612722202909e-02 0.000000000000000000e+00
7.240867455921218276e-02 0.000000000000000000e+00
7.331378299120233644e-02 0.000000000000000000e+00
7.421889142319249011e-02 0.000000000000000000e+00
7.512399985518264378e-02 0.000000000000000000e+00
7.602910828717279745e-02 0.000000000000000000e+00
7.693421671916295113e-02 0.000000000000000000e+00
7.783932515115310480e-02 0.000000000000000000e+00
7.874443358314324459e-02 0.000000000000000000e+00
7.964954201513339827e-02 0.000000000000000000e+00
8.055465044712355194e-02 0.000000000000000000e+00
8.145975887911370561e-02 0.000000000000000000e+00
8.236486731110385928e-02 0.000000000000000000e+00
8.326997574309401295e-02 0.000000000000000000e+00
8.417508417508416663e-02 0.000000000000000000e+00
8.508019260707432030e-02 0.000000000000000000e+00
8.598530103906447397e-02 0.000000000000000000e+00
8.689040947105462764e-02 0.000000000000000000e+00
8.779551790304476744e-02 0.000000000000000000e+00
8.870062633503492111e-02 0.000000000000000000e+00
8.960573476702507478e-02 0.000000000000000000e+00
9.051084319901522846e-02 0.000000000000000000e+00
9.141595163100538213e-02 0.000000000000000000e+00
9.232106006299553580e-02 0.000000000000000000e+00
9.322616849498568947e-02 0.000000000000000000e+00
9.413127692697584314e-02 0.000000000000000000e+00
9.503638535896599682e-02 0.000000000000000000e+00
9.594149379095615049e-02 0.000000000000000000e+00
9.684660222294629028e-02 0.000000000000000000e+00
9.775171065493644396e-02 0.000000000000000000e+00
9.865681908692659763e-02 0.000000000000000000e+00
9.956192751891675130e-02 0.000000000000000000e+00
1.004670359509069050e-01 0.000000000000000000e+00
1.013721443828970586e-01 0.000000000000000000e+00
1.022772528148872123e-01 0.000000000000000000e+00
1.031823612468773660e-01 0.000000000000000000e+00
1.040874696788675197e-01 0.000000000000000000e+00
1.049925781108576733e-01 0.000000000000000000e+00
1.058976865428478131e-01 0.000000000000000000e+00
1.068027949748379668e-01 0.000000000000000000e+00
1.077079034068281205e-01 0.000000000000000000e+00
1.086130118388182741e-01 0.000000000000000000e+00
1.095181202708084278e-01 0.000000000000000000e+00
1.104232287027985815e-01 0.000000000000000000e+00
1.113283371347887352e-01 0.000000000000000000e+00
1.122334455667788888e-01 0.000000000000000000e+00
1.131385539987690425e-01 0.000000000000000000e+00
1.140436624307591962e-01 0.000000000000000000e+00
1.149487708627493360e-01 0.000000000000000000e+00
1.158538792947394896e-01 0.000000000000000000e+00
1.167589877267296433e-01 0.000000000000000000e+00
1.176640961587197970e-01 0.000000000000000000e+00
1.185692045907099507e-01 0.000000000000000000e+00
1.194743130227001043e-01 0.000000000000000000e+00
1.203794214546902580e-01 0.000000000000000000e+00
1.212845298866804117e-01 0.000000000000000000e+00
1.221896383186705654e-01 0.000000000000000000e+00
1.230947467506607190e-01 0.000000000000000000e+00
1.239998551826508588e-01 0.000000000000000000e+00
1.249049636146410125e-01 0.000000000000000000e+00
1.258100720466311662e-01 0.000000000000000000e+00
1.267151804786213198e-01 0.000000000000000000e+00
1.276202889106114735e-01 0.000000000000000000e+00
1.285253973426016272e-01 0.000000000000000000e+00
1.294305057745917809e-01 0.000000000000000000e+00
1.303356142065819345e-01 0.000000000000000000e+00
1.312407226385720882e-01 0.000000000000000000e+00
1.321458310705622419e-01 0.000000000000000000e+00
1.330509395025523955e-01 0.000000000000000000e+00
1.339560479345425492e-01 0.000000000000000000e+00
1.348611563665327029e-01 0.000000000000000000e+00
1.357662647985228566e-01 0.000000000000000000e+00
1.366713732305130102e-01 0.000000000000000000e+00
1.375764816625031361e-01 0.000000000000000000e+00
1.384815900944932898e-01 0.000000000000000000e+00
1.393866985264834435e-01 0.000000000000000000e+00
1.402918069584735972e-01 0.000000000000000000e+00
1.411969153904637508e-01 0.000000000000000000e+00
1.421020238224539045e-01 0.000000000000000000e+00
1.430071322544440582e-01 0.000000000000000000e+00
1.439122406864342119e-01 0.000000000000000000e+00
1.448173491184243655e-01 0.000000000000000000e+00
1.457224575504145192e-01 0.000000000000000000e+00
1.466275659824046729e-01 0.000000000000000000e+00
1.475326744143948265e-01 0.000000000000000000e+00
1.482929654972665878e-01 0.000000000000000000e+00
1.491980739292567415e-01 8.085500736055492566e-05
1.501031823612468952e-01 2.767108512016161351e-04
1.510082907932370488e-01 6.580367921776341181e-04
1.519133992252272025e-01 1.069667166414089814e-03
1.528185076572173562e-01 1.695951758334323300e-03
1.537236160892074821e-01 2.260980083787700844e-03
1.546287245211976358e-01 3.061868765416904479e-03
1.555338329531877894e-01 3.704734473224232695e-03
1.564389413851779431e-01 4.598128561002112757e-03
1.573440498171680968e-01 5.232579883505264831e-03
1.582491582491582505e-01 6.126993802269570071e-03
1.591542666811484041e-01 6.658766249474853960e-03
1.600593751131385578e-01 7.456070828612933014e-03
1.609644835451287115e-01 7.785802348512349709e-03
1.618695919771188652e-01 8.384227388605697273e-03
1.627747004091090188e-01 8.410567396593866124e-03
1.636798088410991725e-01 8.707876892833676594e-03
1.645849172730893262e-01 8.330719700891669674e-03
1.654900257050794798e-01 8.227477517828665765e-03
1.663951341370696335e-01 7.351241807893103657e-03
1.673002425690597872e-01 6.754084701240447262e-03
1.682053510010499409e-01 5.290956996504748815e-03
1.691104594330400945e-01 4.115791213968799864e-03
1.700155678650302482e-01 1.988850415298757963e-03
1.709206762970204019e-01 1.638889186550653487e-04
1.718257847290105278e-01 -2.689969672009804528e-03
1.727308931610006815e-01 -5.221409697850531474e-03
1.736360015929908351e-01 -8.848829026446309448e-03
1.745411100249809888e-01 -1.212584420778677584e-02
1.754462184569711425e-01 -1.655471159008371773e-02
1.763513268889612962e-01 -2.059671544360701032e-02
1.772564353209514498e-01 -2.583428577322103778e-02
1.781615437529416035e-01 -3.063935823076563078e-02
1.790666521849317572e-01 -3.667085096892639534e-02
1.799717606169219108e-01 -4.221458605025999594e-02
1.808768690489120645e-01 -4.900230229672445509e-02
1.817819774809022182e-01 -5.523719455525896022e-02
1.826870859128923719e-01 -6.272018880876034652e-02
1.835921943448825255e-01 -6.957558694617263506e-02
1.844973027768726792e-01 -7.766991549451940369e-02
1.854024112088628329e-01 -8.505255848841898614e-02
1.863075196408529866e-01 -9.365211298445039190e-02
1.872126280728431402e-01 -1.014472504175189527e-01
1.881177365048332939e-01 -1.104251713589268630e-01
1.890228449368234476e-01 -1.184982557040293316e-01
1.899279533688136012e-01 -1.277089065896181985e-01
1.908330618008037272e-01 -1.359078313267712002e-01
1.917381702327938808e-01 -1.451893005316551299e-01
1.926432786647840345e-01 -1.533471444719580468e-01
1.935483870967741882e-01 -1.625242286957879756e-01
1.944534955287643418e-01 -1.704624540889164985e-01
1.953586039607544955e-01 -1.793500648932640773e-01
1.962637123927446492e-01 -1.868821050868655076e-01
1.971688208247348029e-01 -1.952890288410452646e-01
1.980739292567249565e-01 -2.022241907593072818e-01
1.989790376887151102e-01 -2.099571225779104378e-01
1.998841461207052639e-01 -2.161047203686727869e-01
2.007892545526954176e-01 -2.229724845778008890e-01
2.016943629846855712e-01 -2.281461136614590934e-01
2.025994714166757249e-01 -2.339639772076857194e-01
2.035045798486658786e-01 -2.379858328761260411e-01
2.044096882806560322e-01 -2.425798140371685507e-01
2.053147967126461859e-01 -2.452849556954128651e-01
2.062199051446363396e-01 -2.484960284510752404e-01
2.071250135766264933e-01 -2.497364897832199671e-01
2.080301220086166469e-01 -2.514245846494953529e-01
2.089352304406067729e-01 -2.510732316380114293e-01
2.098403388725969265e-01 -2.511209365564530671e-01
2.107454473045870802e-01 -2.490749792025108433e-01
2.116505557365772339e-01 -2.473908491288770717e-01
2.125556641685673875e-01 -2.435749188934822618e-01
2.134607726005575412e-01 -2.400963099967481917e-01
2.143658810325476949e-01 -2.344650233099375702e-01
2.152709894645378486e-01 -2.291603770415093499e-01
2.161760978965280022e-01 -2.217003155498986910e-01
2.170812063285181559e-01 -2.145708290884804081e-01
2.179863147605083096e-01 -2.053018794199798214e-01
2.188914231924984632e-01 -1.963825119061884950e-01
2.197965316244886169e-01 -1.853585213699147638e-01
2.207016400564787706e-01 -1.747182996413791933e-01
2.216067484884689243e-01 -1.620270191550270966e-01
2.225118569204590779e-01 -1.497686220634795728e-01
2.234169653524492316e-01 -1.355309233813720149e-01
2.243220737844393853e-01 -1.217895398807912477e-01
2.252271822164295390e-01 -1.061579105463287126e-01
2.261322906484196926e-01 -9.109938323923633119e-02
2.270373990804098185e-01 -7.425571920385011515e-02
2.279425075123999722e-01 -5.807400145207149839e-02
2.288476159443901259e-01 -4.022673355928845645e-02
2.297527243763802796e-01 -2.314070432145519385e-02
2.306578328083704332e-01 -4.521310596052312281e-03
2.315629412403605869e-01 1.322899359400960678e-02
2.324680496723507406e-01 3.237002326324566609e-02
2.333731581043408942e-01 5.052768572897751997e-02
2.342782665363310479e-01 6.992535253353347746e-02
2.351833749683212016e-01 8.822127721085853969e-02
2.360884834003113553e-01 1.076009522510733840e-01
2.369935918323015089e-01 1.257588908734872946e-01
2.378987002642916626e-01 1.448414683445668205e-01
2.388038086962818163e-01 1.625832684595271971e-01
2.397089171282719700e-01 1.810904840996895582e-01
2.406140255602621236e-01 1.981414459367638603e-01
2.415191339922522773e-01 2.158012464932529961e-01
2.424242424242424310e-01 2.318954728239687180e-01
2.433293508562325846e-01 2.484473197277861645e-01
2.442344592882227383e-01 2.633329416584171967e-01
2.451395677202128642e-01 2.785329322799959262e-01
2.460446761522030179e-01 2.920015053433108743e-01
2.469497845841931716e-01 3.057755551553337781e-01
2.478548930161833252e-01 3.178647997983716778e-01
2.487600014481734789e-01 3.301787871495353577e-01
2.496651098801636326e-01 3.407701802493219301e-01
2.505702183121538140e-01 3.515046030449630599e-01
2.514753267441439677e-01 3.604847440403121106e-01
2.523804351761341214e-01 3.695341808021024299e-01
2.532855436081242750e-01 3.768043802618995519e-01
2.541906520401144287e-01 3.840786375048489965e-01
2.550957604721045269e-01 3.895559969558813895e-01
2.560008689040946805e-01 3.949811240144656121e-01
2.569059773360848342e-01 3.985994775190515038e-01
2.578110857680749879e-01 4.021186372321689517e-01
2.587161942000651416e-01 4.038293436641424150e-01
2.596213026320552952e-01 4.054035284848785947e-01
2.605264110640454489e-01 4.051761046912121800e-01
2.614315194960356026e-01 4.047846891150562176e-01
2.623366279280257563e-01 4.026072755560139993e-01
2.632417363600159099e-01 4.002483972226585363e-01
2.641468447920060636e-01 3.961280491959334737e-01
2.650519532239962173e-01 3.918188125651820286e-01
2.659570616559863709e-01 3.857816116884321134e-01
2.668621700879765246e-01 3.795581097853695240e-01
2.677672785199666783e-01 3.716490920500681305e-01
2.686723869519568320e-01 3.635662434572043966e-01
2.695774953839469856e-01 3.538491418866833715e-01
2.704826038159371393e-01 3.439803419058780065e-01
2.713877122479272930e-01 3.325371436214841769e-01
2.722928206799174466e-01 3.209737303256339214e-01
2.731979291119076003e-01 3.079040496475481392e-01
2.741030375438977540e-01 2.947545873770853198e-01
2.750081459758879077e-01 2.801748584254315499e-01
2.759132544078780613e-01 2.655642431220088806e-01
2.768183628398682150e-01 2.496067372200148349e-01
2.777234712718583687e-01 2.336751298209635563e-01
2.786285797038485224e-01 2.164868048377874832e-01
2.795336881358386760e-01 1.993884008210239922e-01
2.804387965678288297e-01 1.811295914804045559e-01
2.813439049998189834e-01 1.630312364396144797e-01
2.822490134318091370e-01 1.438741961984998652e-01
2.831541218637992907e-01 1.249538587966700920e-01
2.840592302957894444e-01 1.050811654700598008e-01
2.849643387277795981e-01 8.552628080386838472e-02
2.858694471597697517e-01 6.512911976275337356e-02
2.867745555917599054e-01 4.513481777337160356e-02
2.876796640237500591e-01 2.441115819321840880e-02
2.885847724557402127e-01 4.178393362414396101e-03
2.894898808877303664e-01 -1.666892570705820822e-02
2.903949893197205201e-01 -3.693532618754946650e-02
2.913000977517106183e-01 -5.770058226918518135e-02
2.922052061837007719e-01 -7.779393363774399217e-02
2.931103146156909256e-01 -9.827056105031868605e-02
2.940154230476810793e-01 -1.179843802222140525e-01
2.949205314796712329e-01 -1.379670444795645101e-01
2.958256399116613866e-01 -1.570971334632355054e-01
2.967307483436515403e-01 -1.763838196603476072e-01
2.976358567756416940e-01 -1.947303527323983041e-01
2.985409652076318476e-01 -2.131244472311194793e-01
2.994460736396220013e-01 -2.304940408258513429e-01
3.003511820716121550e-01 -2.478063849030671117e-01
3.012562905036023087e-01 -2.640141287713071994e-01
3.021613989355924623e-01 -2.800650228288900090e-01
3.030665073675826160e-01 -2.949364511394738098e-01
3.039716157995727697e-01 -3.095575882616601882e-01
3.048767242315629233e-01 -3.229305696520284874e-01
3.057818326635530770e-01 -3.359668778305335834e-01
3.066869410955432307e-01 -3.476934040220471811e-01
3.075920495275333844e-01 -3.590047769307506687e-01
3.084971579595235380e-01 -3.689526300955053850e-01
3.094022663915136917e-01 -3.784155269968391688e-01
3.103073748235038454e-01 -3.864698069306625183e-01
3.112124832554939990e-01 -3.939787032931701405e-01
3.121175916874841527e-01 -4.000431965087853370e-01
3.130227001194743064e-01 -4.055118680079481952e-01
3.139278085514644601e-01 -4.095102420582155678e-01
3.148329169834546137e-01 -4.128728660041293685e-01
3.157380254154447674e-01 -4.147496738381956094e-01
3.166431338474349211e-01 -4.159617336032959689e-01
3.175482422794250748e-01 -4.156832143725458506e-01
3.184533507114152284e-01 -4.147221941900729458e-01
3.193584591434053821e-01 -4.122768588865119432e-01
3.202635675753955358e-01 -4.091427184310141851e-01
3.211686760073856894e-01 -4.045417108111150073e-01
3.220737844393758431e-01 -3.992571310823944120e-01
3.229788928713659968e-01 -3.925343564881271785e-01
3.238840013033561505e-01 -3.851447507272543480e-01
3.247891097353463041e-01 -3.763567676864106870e-01
3.256942181673364578e-01 -3.669300534072495457e-01
3.265993265993266115e-01 -3.561557253304275528e-01
3.275044350313167651e-01 -3.447818560338783977e-01
3.284095434633068633e-01 -3.321217628308288927e-01
3.293146518952970170e-01 -3.189120204902210487e-01
3.302197603272871707e-01 -3.044876324696781933e-01
3.311248687592773243e-01 -2.895736844462075688e-01
3.320299771912674780e-01 -2.735263034808760874e-01
3.329350856232576317e-01 -2.570590301880055772e-01
3.338401940552477853e-01 -2.395485057544279039e-01
3.347453024872379390e-01 -2.216966078966964016e-01
3.356504109192280927e-01 -2.028998380079664876e-01
3.365555193512182464e-01 -1.838482346252603705e-01
3.374606277832084000e-01 -1.639574640648162884e-01
3.383657362151985537e-01 -1.439054949029333619e-01
3.392708446471887074e-01 -1.231264254066084113e-01
3.401759530791788610e-01 -1.022858734551293225e-01
3.410810615111690147e-01 -8.083560288112896786e-02
3.419861699431591684e-01 -5.942855525671279782e-02
3.428912783751493221e-01 -3.753336499383971847e-02
3.437963868071394757e-01 -1.578993244301021837e-02
3.447014952391296294e-01 6.317055687835258608e-03
3.456066036711197831e-01 2.816113847183909433e-02
3.465117121031099368e-01 5.024241273613309910e-02
3.474168205351000904e-01 7.194828205603505389e-02
3.483219289670902441e-01 9.376447403638117628e-02
3.492270373990803978e-01 1.150927019630581249e-01
3.501321458310705514e-01 1.364051764106776754e-01
3.510372542630607051e-01 1.571183786926616255e-01
3.519423626950508588e-01 1.776918527706716211e-01
3.528474711270410125e-01 1.975573121735483550e-01
3.537525795590311661e-01 2.171624759564874940e-01
3.546576879910213198e-01 2.359547525414873170e-01
3.555627964230114735e-01 2.543708620595180880e-01
3.564679048550016272e-01 2.718743616073289182e-01
3.573730132869917808e-01 2.888917756125597980e-01
3.582781217189819345e-01 3.049032473384510333e-01
3.591832301509720882e-01 3.203258789485156632e-01
3.600883385829622418e-01 3.346568137672775722e-01
3.609934470149523955e-01 3.483044684494497889e-01
3.618985554469425492e-01 3.607833695487797643e-01
3.628036638789327029e-01 3.724939415883414817e-01
3.637087723109228565e-01 3.829684399139929307e-01
3.646138807429129547e-01 3.925999404749974664e-01
3.655189891749031084e-01 4.009387287911617137e-01
3.664240976068932620e-01 4.083711198929016462e-01
3.673292060388834157e-01 4.144656805346079720e-01
3.682343144708735694e-01 4.196024909703748862e-01
3.691394229028637231e-01 4.233685943086498149e-01
3.700445313348538767e-01 4.261382955486898716e-01
3.709496397668440304e-01 4.275172482047834288e-01
3.718547481988341841e-01 4.278743703443527724e-01
3.727598566308243377e-01 4.268339943826721106e-01
3.736649650628144914e-01 4.247599646880786950e-01
3.745700734948046451e-01 4.212952917393730790e-01
3.754751819267947988e-01 4.167989811771192210e-01
3.763802903587849524e-01 4.109326483614572645e-01
3.772853987907751061e-01 4.040506145503155455e-01
3.781905072227652598e-01 3.958329523130135197e-01
3.790956156547554134e-01 3.866293707369978794e-01
3.800007240867455671e-01 3.761381761106310506e-01
3.809058325187357208e-01 3.647044547079175691e-01
3.818109409507258745e-01 3.520444467191387594e-01
3.827160493827160281e-01 3.384985222011628880e-01
3.836211578147061818e-01 3.238004793888882293e-01
3.845262662466963355e-01 3.082857968900699075e-01
3.854313746786864892e-01 2.917053803737083562e-01
3.863364831106766428e-01 2.743895619468894043e-01
3.872415915426667965e-01 2.561058316593208817e-01
3.881466999746569502e-01 2.371790432341763233e-01
3.890518084066471038e-01 2.173926789665612536e-01
3.899569168386372575e-01 1.970657094888109695e-01
3.908620252706274112e-01 1.759969522940181830e-01
3.917671337026175649e-01 1.544990220473755893e-01
3.926722421346077185e-01 1.323853544018858130e-01
3.935773505665978722e-01 1.099616725536978062e-01
3.944824589985880259e-01 8.705525907780535533e-02
3.953875674305781796e-01 6.396435384196252905e-02
3.962926758625683332e-01 4.052926739279765628e-02
3.971977842945584869e-01 1.704011522200434003e-02
3.981028927265486406e-01 -6.650623237412155511e-03
3.990080011585387942e-01 -3.026163901675833073e-02
3.999131095905289479e-01 -5.392917475093148005e-02
4.008182180225190461e-01 -7.738144246017861216e-02
4.017233264545091997e-01 -1.007443207996730344e-01
4.026284348864993534e-01 -1.237562805841642272e-01
4.035335433184895071e-01 -1.465337645430369040e-01
4.044386517504796608e-01 -1.688262541512368375e-01
4.053437601824698144e-01 -1.907416889448520503e-01
4.062488686144599681e-01 -2.120413172388491696e-01
4.071539770464501218e-01 -2.328255029505692242e-01
4.080590854784402755e-01 -2.528680116009118795e-01
4.089641939104304291e-01 -2.722625438137344922e-01
4.098693023424205828e-01 -2.907961166419868460e-01
4.107744107744107365e-01 -3.085566543813634821e-01
4.116795192064008901e-01 -3.253451337450466441e-01
4.125846276383910438e-01 -3.412445543076938481e-01
4.134897360703811975e-01 -3.560705241941685695e-01
4.143948445023713512e-01 -3.699019243331054807e-01
4.152999529343615048e-01 -3.825696194630963665e-01
4.162050613663516585e-01 -3.941491225992424519e-01
4.171101697983418122e-01 -4.044871240993582751e-01
4.180152782303319658e-01 -4.136564551300445092e-01
4.189203866623221195e-01 -4.215201352974488613e-01
4.198254950943122732e-01 -4.281489265442905423e-01
4.207306035263024269e-01 -4.334226075224080765e-01
4.216357119582925805e-01 -4.374104021729449676e-01
4.225408203902827342e-01 -4.400091964501556263e-01
4.234459288222728879e-01 -4.412871188355692031e-01
4.243510372542630416e-01 -4.411584223446376463e-01
4.252561456862531952e-01 -4.396904874127656737e-01
4.261612541182433489e-01 -4.368150992585001502e-01
4.270663625502335026e-01 -4.325991369641741802e-01
4.279714709822236562e-01 -4.269919833598181391e-01
4.288765794142138099e-01 -4.200601577336734449e-01
4.297816878462039636e-01 -4.117706023403520654e-01
4.306867962781941173e-01 -4.021895099324243605e-01
4.315919047101842709e-01 -3.913012378125618751e-01
4.324970131421744246e-01 -3.791715753384953813e-01
4.334021215741645783e-01 -3.658020431501690095e-01
4.343072300061547319e-01 -3.512578398301907656e-01
4.352123384381448856e-01 -3.355572904098912956e-01
4.361174468701350393e-01 -3.187647055115876982e-01
4.370225553021251930e-01 -3.009147495814096240e-01
4.379276637341152911e-01 -2.820704401707008757e-01
4.388327721661054448e-01 -2.622822127411580939e-01
4.397378805980955985e-01 -2.416112823061964676e-01
4.406429890300857521e-01 -2.201231878230924810e-01
4.415480974620759058e-01 -1.978767329550415732e-01
4.424532058940660595e-01 -1.749517990788706789e-01
4.433583143260562132e-01 -1.514040766408364935e-01
4.442634227580463668e-01 -1.273269417540602022e-01
4.451685311900365205e-01 -1.027721844218529440e-01
4.460736396220266742e-01 -7.784574952039445550e-02
4.469787480540168279e-01 -5.259466318212564079e-02
4.478838564860069815e-01 -2.713644469294011763e-02
4.487889649179971352e-01 -1.512427082804460986e-03
4.496940733499872889e-01 2.414934829873656430e-02
4.505991817819774425e-01 4.981422599386340494e-02
4.515042902139675962e-01 7.534474186130379891e-02
4.524093986459577499e-01 1.007139456900590507e-01
4.533145070779479036e-01 1.257760838819134697e-01
4.542196155099380572e-01 1.505129689675319682e-01
4.551247239419282109e-01 1.747717117249869279e-01
4.560298323739183646e-01 1.985439608755703578e-01
4.569349408059085182e-01 2.216708517895232822e-01
4.578400492378986719e-01 2.441549443566681521e-01
4.587451576698888256e-01 2.658325505331701200e-01
4.596502661018789793e-01 2.867182030478678256e-01
4.605553745338691329e-01 3.066445192467221470e-01
4.614604829658592866e-01 3.256390379447059447e-01
4.623655913978494403e-01 3.435317724639643799e-01
4.632706998298395940e-01 3.603642576076323545e-01
4.641758082618297476e-01 3.759649402507150850e-01
4.650809166938199013e-01 3.903902829610004788e-01
4.659860251258100550e-01 4.034681361104554553e-01
4.668911335578002086e-01 4.152707492345185658e-01
4.677962419897903623e-01 4.256262643640809085e-01
4.687013504217805160e-01 4.346234907460131969e-01
4.696064588537706697e-01 4.420916549600628631e-01
4.705115672857608233e-01 4.481367991655137439e-01
4.714166757177509770e-01 4.525899195098883054e-01
4.723217841497411307e-01 4.555748524938940669e-01
4.732268925817312843e-01 4.569249292505032645e-01
4.741320010137213825e-01 4.567822191675801058e-01
4.750371094457115362e-01 4.549828238658881197e-01
4.759422178777016899e-01 4.516873517578909869e-01
4.768473263096918435e-01 4.467349719348971959e-01
4.777524347416819972e-01 4.403049978122751118e-01
4.786575431736721509e-01 4.322398174731705289e-01
4.795626516056623045e-01 4.227374689383212591e-01
4.804677600376524582e-01 4.116435599804380563e-01
4.813728684696426119e-01 3.991747219150943993e-01
4.822779769016327656e-01 3.851796283750479333e-01
4.831830853336229192e-01 3.698932189035882279e-01
4.840881937656130729e-01 3.531669229458728188e-01
4.849933021976032266e-01 3.352535489983994865e-01
4.858984106295933802e-01 3.160068168317036186e-01
4.868035190615835339e-01 2.956968123026795792e-01
4.877086274935736876e-01 2.741789276693918365e-01
4.886137359255638413e-01 2.517397865798756129e-01
4.895188443575539949e-01 2.282356891371791763e-01
4.904239527895441486e-01 2.039689156639991896e-01
4.913290612215343023e-01 1.787957700095431923e-01
4.922341696535244560e-01 1.530331749546920139e-01
4.931392780855146096e-01 1.265364041128773931e-01
4.940443865175047633e-01 9.963588591513217185e-02
4.949494949494949170e-01 7.218471131435404142e-02
4.958546033814850706e-01 4.452556724907231339e-02
4.967597118134752243e-01 1.650810431683430793e-02
4.976648202454653780e-01 -1.151407505280005114e-02
4.985699286774555317e-01 -3.969610763526112279e-02
4.994750371094456853e-01 -6.767489735734738554e-02
5.003801455414358390e-01 -9.561178671620462755e-02
5.012852539734259372e-01 -1.231356677631336577e-01
5.021903624054161464e-01 -1.504155589491735223e-01
5.030954708374062445e-01 -1.770738625349636552e-01
5.040005792693964537e-01 -2.032887749643121078e-01
5.049056877013865519e-01 -2.286777503170357440e-01
5.058107961333767610e-01 -2.534296755007589552e-01
5.067159045653668592e-01 -2.771585958695510499e-01
5.076210129973570684e-01 -3.000655897984743081e-01
5.085261214293471665e-01 -3.217628089524570134e-01
5.094312298613373757e-01 -3.424649897902882767e-01
5.103363382933274739e-01 -3.617838575529868650e-01
5.112414467253176831e-01 -3.799492157151012628e-01
5.121465551573077812e-01 -3.965737595747422795e-01
5.130516635892979904e-01 -4.119036879059944090e-01
5.139567720212880886e-01 -4.255539686780853148e-01
5.148618804532782978e-01 -4.377884207152974994e-01
5.157669888852683959e-01 -4.482254713266326518e-01
5.166720973172586051e-01 -4.571476593758405094e-01
5.175772057492487033e-01 -4.641779216007184128e-01
5.184823141812389125e-01 -4.696184720517700417e-01
5.193874226132290106e-01 -4.730976509289655518e-01
5.202925310452192198e-01 -4.749381388241434854e-01
5.211976394772093180e-01 -4.747743991032846722e-01
5.221027479091995271e-01 -4.729501890389720686e-01
5.230078563411896253e-01 -4.691066240376598473e-01
5.239129647731798345e-01 -4.636089515661428462e-01
5.248180732051699326e-01 -4.561052630941421215e-01
5.257231816371601418e-01 -4.469825006301343384e-01
5.266282900691502400e-01 -4.358958398360477382e-01
5.275333985011404492e-01 -4.232539029591305679e-01
5.284385069331305473e-01 -4.087188342277895403e-01
5.293436153651206455e-01 -3.927206968767180673e-01
5.302487237971108547e-01 -3.749282595586117539e-01
5.311538322291009528e-01 -3.557925591331605464e-01
5.320589406610911620e-01 -3.349884145641938704e-01
5.329640490930812602e-01 -3.129871411687805693e-01
5.338691575250714694e-01 -2.894688062381092775e-01
5.347742659570615675e-01 -2.649240844558027885e-01
5.356793743890517767e-01 -2.390372672587246505e-01
5.365844828210418749e-01 -2.123172532439712712e-01
5.374895912530320841e-01 -1.844513211743649128e-01
5.383946996850221822e-01 -1.559652532391885560e-01
5.392998081170123914e-01 -1.265478793859568796e-01
5.402049165490024896e-01 -9.674033533546529118e-02
5.411100249809926988e-01 -6.623138371938493141e-02
5.420151334129827969e-01 -3.557581276138118559e-02
5.429202418449730061e-01 -4.460537508973409955e-03
5.438253502769631043e-01 2.654785084405716228e-02
5.447304587089533134e-01 5.776620267927410485e-02
5.456355671409434116e-01 8.861809633529556252e-02
5.465406755729336208e-01 1.194261763295015738e-01
5.474457840049237189e-01 1.496062579070485121e-01
5.483508924369139281e-01 1.794888897392597216e-01
5.492560008689040263e-01 2.084842554797868563e-01
5.501611093008942355e-01 2.369329675571500149e-01
5.510662177328843336e-01 2.642417406938126767e-01
5.519713261648745428e-01 2.907634257693819668e-01
5.528764345968646410e-01 3.159034267240868332e-01
5.537815430288548502e-01 3.400289864247092453e-01
5.546866514608449483e-01 3.625463149342857405e-01
5.555917598928351575e-01 3.838391421107743007e-01
5.564968683248252557e-01 4.033165221295076375e-01
5.574019767568154649e-01 4.213806712458696979e-01
5.583070851888055630e-01 4.374454105796514169e-01
5.592121936207957722e-01 4.519333105137545714e-01
5.601173020527858704e-01 4.642647306802819007e-01
5.610224104847760795e-01 4.748842960750344622e-01
5.619275189167661777e-01 4.832204897949732292e-01
5.628326273487563869e-01 4.897414882370902389e-01
5.637377357807464850e-01 4.938852589408718186e-01
5.646428442127366942e-01 4.961447876023680204e-01
5.655479526447267924e-01 4.959686332824672084e-01
5.664530610767168906e-01 4.938755846298155672e-01
5.673581695087070997e-01 4.893256201454840859e-01
5.682632779406971979e-01 4.828640322222248482e-01
5.691683863726874071e-01 4.739627374485252953e-01
5.700734948046775052e-01 4.631939144565327959e-01
5.709786032366677144e-01 4.500416100439370570e-01
5.718837116686578126e-01 4.351049402701942515e-01
5.727888201006480218e-01 4.178799324201780130e-01
5.736939285326381199e-01 3.989923418373721997e-01
5.745990369646283291e-01 3.779496701417188742e-01
5.755041453966184273e-01 3.554036580408418411e-01
5.764092538286086365e-01 3.308724186142152357e-01
5.773143622605987346e-01 3.050326697869131798e-01
5.782194706925889438e-01 2.774119188979664030e-01
5.791245791245790420e-01 2.487105031975588854e-01
5.800296875565692512e-01 2.184637593643641018e-01
5.809347959885593493e-01 1.873939452791398563e-01
5.818399044205495585e-01 1.550423275378044752e-01
5.827450128525396567e-01 1.221510641930151769e-01
5.836501212845298658e-01 8.826514243377082958e-02
5.845552297165199640e-01 5.414430760286020883e-02
5.854603381485101732e-01 1.933478009778005768e-02
5.863654465805002713e-01 -1.538868128887844848e-02
5.872705550124904805e-01 -5.048135797700244176e-02
5.881756634444805787e-01 -8.515628090005072925e-02
5.890807718764707879e-01 -1.198731781883586173e-01
5.899858803084608860e-01 -1.538358549107784468e-01
5.908909887404510952e-01 -1.875115861109559190e-01
5.917960971724411934e-01 -2.200980637186367439e-01
5.927012056044314026e-01 -2.520733155207880993e-01
5.936063140364215007e-01 -2.826321106367032376e-01
5.945114224684117099e-01 -3.122664871782942497e-01
5.954165309004018081e-01 -3.401715024318984204e-01
5.963216393323920173e-01 -3.668564539580209116e-01
5.972267477643821154e-01 -3.915198559658880084e-01
5.981318561963723246e-01 -4.146914422364005870e-01
5.990369646283624228e-01 -4.355762461294524490e-01
5.999420730603526319e-01 -4.547274773897508338e-01
6.008471814923427301e-01 -4.713595795200693495e-01
6.017522899243329393e-01 -4.860520765979043367e-01
6.026573983563230374e-01 -4.980314779034685224e-01
6.035625067883131356e-01 -5.079061950390371116e-01
6.044676152203033448e-01 -5.149171602164750450e-01
6.053727236522934430e-01 -5.197039186255720811e-01
6.062778320842836521e-01 -5.215238234929363559e-01
6.071829405162737503e-01 -5.210494135581016373e-01
6.080880489482639595e-01 -5.175560450417735492e-01
6.089931573802540576e-01 -5.117506695421858431e-01
6.098982658122442668e-01 -5.029277604737678598e-01
6.108033742442343650e-01 -4.918296126854493910e-01
6.117084826762245742e-01 -4.777704187082844611e-01
6.126135911082146723e-01 -4.615282177099309102e-01
6.135186995402048815e-01 -4.424369747975352429e-01
6.144238079721949797e-01 -4.213103135317902703e-01
6.153289164041851889e-01 -3.975014496229217764e-01
6.162340248361752870e-01 -3.718588481570218596e-01
6.171391332681654962e-01 -3.437538613680330424e-01
6.180442417001555944e-01 -3.140684591227734801e-01
6.189493501321458035e-01 -2.821904189781949124e-01
6.198544585641359017e-01 -2.490332857572747360e-01
6.207595669961261109e-01 -2.139989602708153027e-01
6.216646754281162091e-01 -1.780300518834985191e-01
6.225697838601064182e-01 -1.405397121280113626e-01
6.234748922920965164e-01 -1.024965539728190517e-01
6.243800007240867256e-01 -6.332157551626094172e-02
6.252851091560768237e-01 -2.400582336307423639e-02
6.261902175880670329e-01 1.602575610712981061e-02
6.270953260200571311e-01 5.576372271925320728e-02
6.280004344520473403e-01 9.578351796778286631e-02
6.289055428840374384e-01 1.350617380564509140e-01
6.298106513160276476e-01 1.741788963168058590e-01
6.307157597480177458e-01 2.121023629774013708e-01
6.316208681800079550e-01 2.494226829690628366e-01
6.325259766119980531e-01 2.851029759896284710e-01
6.334310850439882623e-01 3.197489747772074287e-01
6.343361934759783605e-01 3.523246535372248633e-01
6.352413019079685697e-01 3.834561428810601691e-01
6.361464103399586678e-01 4.121133685620144704e-01
6.370515187719488770e-01 4.389480365940467421e-01
6.379566272039389752e-01 4.629410488028248283e-01
6.388617356359291843e-01 4.847747183127296688e-01
6.397668440679192825e-01 5.034457123681432833e-01
6.406719524999093807e-01 5.196716838441413078e-01
6.415770609318995898e-01 5.324695035021036471e-01
6.424821693638896880e-01 5.425964973638243150e-01
6.433872777958798972e-01 5.490937134161758548e-01
6.442923862278699954e-01 5.527619555863914069e-01
6.451974946598602045e-01 5.526698271543194485e-01
6.461026030918503027e-01 5.496647625926690539e-01
6.470077115238405119e-01 5.428455880618441309e-01
6.479128199558306100e-01 5.331087616543853658e-01
6.488179283878208192e-01 5.195851864942131471e-01
6.497230368198109174e-01 5.032218769996328334e-01
6.506281452518011266e-01 4.831827565934658786e-01
6.515332536837912247e-01 4.604659787476926280e-01
6.524383621157814339e-01 4.342684403853774300e-01
6.533434705477715321e-01 4.056389980437158926e-01
6.542485789797617413e-01 3.738064262417058470e-01
6.551536874117518394e-01 3.398687807963910457e-01
6.560587958437420486e-01 3.030845304238964366e-01
6.569639042757321468e-01 2.645983321294546053e-01
6.578690127077223559e-01 2.236950637360645977e-01
6.587741211397124541e-01 1.815622896937282571e-01
6.596792295717026633e-01 1.375069218131448889e-01
6.605843380036927615e-01 9.275466772450756403e-02
6.614894464356829706e-01 4.662904729718008595e-02
6.623945548676730688e-01 3.881311466675757093e-04
6.632996632996632780e-01 -4.663435930866721008e-02
6.642047717316533761e-01 -9.315470061281844183e-02
6.651098801636435853e-01 -1.398362551620614402e-01
6.660149885956336835e-01 -1.853771692846469255e-01
6.669200970276238927e-01 -2.304459213391255035e-01
6.678252054596139908e-01 -2.737307161384535670e-01
6.687303138916042000e-01 -3.159137657686894030e-01
6.696354223235942982e-01 -3.556820117603412545e-01
6.705405307555845074e-01 -3.937404122608385015e-01
6.714456391875746055e-01 -4.287836088521831956e-01
6.723507476195648147e-01 -4.615484961167982680e-01
6.732558560515549129e-01 -4.907464357525456733e-01
6.741609644835451221e-01 -5.171553876763739233e-01
6.750660729155352202e-01 -5.395122610146836362e-01
6.759711813475253184e-01 -5.586448909726214884e-01
6.768762897795155276e-01 -5.733241032053234543e-01
6.777813982115056257e-01 -5.844358256899625514e-01
6.786865066434958349e-01 -5.907924321348602126e-01
6.795916150754859331e-01 -5.933452874747289219e-01
6.804967235074761422e-01 -5.909549272787114615e-01
6.814018319394662404e-01 -5.846443461582720991e-01
6.823069403714564496e-01 -5.733275625720707369e-01
6.832120488034465478e-01 -5.581039721857928848e-01
6.841171572354367569e-01 -5.379448417787761061e-01
6.850222656674268551e-01 -5.140290650932860528e-01
6.859273740994170643e-01 -4.853871260199500437e-01
6.868324825314071624e-01 -4.532786123002721657e-01
6.877375909633973716e-01 -4.167931863359412015e-01
6.886426993953874698e-01 -3.772702329357411899e-01
6.895478078273776790e-01 -3.338563770056219848e-01
6.904529162593677771e-01 -2.879676641584269503e-01
6.913580246913579863e-01 -2.388031657402872321e-01
6.922631331233480845e-01 -1.878501169781087721e-01
6.931682415553382937e-01 -1.343531553694846947e-01
6.940733499873283918e-01 -7.986287000335631769e-02
6.949784584193186010e-01 -2.366022540522340692e-02
6.958835668513086992e-01 3.265099364807359794e-02
6.967886752832989083e-01 8.976501283835387757e-02
6.976937837152890065e-01 1.460372108434723759e-01
6.985988921472792157e-01 2.021506361026414733e-01
6.995040005792693139e-01 2.564341854394963094e-01
7.004091090112595230e-01 3.095752276254157831e-01
7.013142174432496212e-01 3.598922292137154977e-01
7.022193258752398304e-01 4.080938957164227943e-01
7.031244343072299285e-01 4.525056209160107090e-01
7.040295427392201377e-01 4.938755484994241662e-01
7.049346511712102359e-01 5.305541856215230112e-01
7.058397596032004451e-01 5.633477804756039653e-01
7.067448680351905432e-01 5.906504063346929012e-01
7.076499764671807524e-01 6.133450455442274185e-01
7.085550848991708506e-01 6.298874161244344405e-01
7.094601933311610598e-01 6.412551489473828914e-01
7.103653017631511579e-01 6.459825988919342121e-01
7.112704101951413671e-01 6.451585053360041622e-01
7.121755186271314653e-01 6.374110037227368464e-01
7.130806270591215634e-01 6.239541672263282379e-01
7.139857354911117726e-01 6.035224137413324197e-01
7.148908439231018708e-01 5.774663417946280797e-01
7.157959523550920800e-01 5.446357131550627617e-01
7.167010607870821781e-01 5.065250165547583450e-01
7.176061692190723873e-01 4.621041959523035647e-01
7.185112776510624855e-01 4.130144074148032751e-01
7.194163860830526946e-01 3.583456667727494271e-01
7.203214945150427928e-01 2.998833067704411715e-01
7.212266029470330020e-01 2.368317241402654316e-01
7.221317113790231002e-01 1.711120936596630115e-01
7.230368198110133093e-01 1.020314153721436079e-01
7.239419282430034075e-01 3.163210680203513980e-02
7.248470366749936167e-01 -4.069441922209850876e-02
7.257521451069837148e-01 -1.128055885753286441e-01
7.266572535389739240e-01 -1.852502858984472478e-01
7.275623619709640222e-01 -2.558133257655982873e-01
7.284674704029542314e-01 -3.250149380686044864e-01
7.293725788349443295e-01 -3.906009847100306853e-01
7.302776872669345387e-01 -4.530999217364416465e-01
7.311827956989246369e-01 -5.102577660192657572e-01
7.320879041309148461e-01 -5.626530782943446329e-01
7.329930125629049442e-01 -6.080755646383733115e-01
7.338981209948951534e-01 -6.471995483069812316e-01
7.348032294268852516e-01 -6.779049665820273685e-01
7.357083378588754607e-01 -7.010097116757553204e-01
7.366134462908655589e-01 -7.145316288304537355e-01
7.375185547228557681e-01 -7.194800088011784611e-01
7.384236631548458663e-01 -7.140570694634919002e-01
7.393287715868360754e-01 -6.995088175958895649e-01
7.402338800188261736e-01 -6.742643739652723900e-01
7.411389884508163828e-01 -6.398463559163520831e-01
7.420440968828064809e-01 -5.949462922089610029e-01
7.429492053147966901e-01 -5.413946272561945827e-01
7.438543137467867883e-01 -4.781703714870046418e-01
7.447594221787769975e-01 -4.074307918078519664e-01
7.456645306107670956e-01 -3.284533681353076773e-01
7.465696390427573048e-01 -2.437252634078373725e-01
7.474747474747474030e-01 -1.528156618002420031e-01
7.483798559067376122e-01 -5.852519437588805246e-02
7.492849643387277103e-01 3.931322993445353353e-02
7.501900727707178085e-01 1.376247334823611224e-01
7.510951812027080177e-01 2.363649078710665374e-01
7.520002896346981158e-01 3.322492794117711257e-01
7.529053980666883250e-01 4.251005343759345911e-01
7.538105064986784232e-01 5.115162345567828561e-01
7.547156149306686324e-01 5.912920596863685541e-01
7.556207233626587305e-01 6.610264138819401669e-01
7.565258317946489397e-01 7.206203976818166268e-01
7.574309402266390379e-01 7.668172500428683813e-01
7.583360486586292470e-01 7.997790983915794572e-01
7.592411570906193452e-01 8.165583461188409276e-01
7.601462655226095544e-01 8.177503496461795418e-01
7.610513739545996525e-01 8.008928016885350498e-01
7.619564823865898617e-01 7.671924944187971107e-01
7.628615908185799599e-01 7.148475776683873573e-01
7.637666992505701691e-01 6.458453115644513520e-01
7.646718076825602672e-01 5.592005855107848866e-01
7.655769161145504764e-01 4.578200856895866533e-01
7.664820245465405746e-01 3.416489261758568485e-01
7.673871329785307838e-01 2.145953251539054474e-01
7.682922414105208819e-01 7.757578024369964076e-02
7.691973498425110911e-01 -6.450698489288751725e-02
7.701024582745011893e-01 -2.098310871408427258e-01
7.710075667064913985e-01 -3.526321364564474203e-01
7.719126751384814966e-01 -4.903933039023257723e-01
7.728177835704717058e-01 -6.167833145602552580e-01
7.737228920024618040e-01 -7.289784974518301874e-01
7.746280004344520131e-01 -8.205662386978948009e-01
7.755331088664421113e-01 -8.890038391620744829e-01
7.764382172984323205e-01 -9.284846683592471450e-01
7.773433257304224187e-01 -9.375289543164357919e-01
7.782484341624126278e-01 -9.117969436990908116e-01
7.791535425944027260e-01 -8.517907922818896971e-01
7.800586510263929352e-01 -7.555795674025360675e-01
7.809637594583830333e-01 -6.265683615016324204e-01
7.818688678903732425e-01 -4.660736212424992364e-01
7.827739763223633407e-01 -2.810874366997865303e-01
7.836790847543535499e-01 -7.661360334964749386e-02
7.845841931863436480e-01 1.366691364364219230e-01
7.854893016183338572e-01 3.504173014747119508e-01
7.863944100503239554e-01 5.511609082024725437e-01
7.872995184823140535e-01 7.287476285528583508e-01
7.882046269143042627e-01 8.691321802325885360e-01
7.891097353462943609e-01 9.632546672862979387e-01
7.900148437782845701e-01 1.000000000000000000e+00
7.909199522102746682e-01 9.753374383591475461e-01
7.918250606422648774e-01 8.851598363209109976e-01
7.927301690742549756e-01 7.342836467248031740e-01
7.936352775062451848e-01 5.286683491296779724e-01
7.945403859382352829e-01 2.837330272175265233e-01
7.954454943702254921e-01 1.542605641839940936e-02
7.963506028022155903e-01 -2.525538662118004263e-01
7.972557112342057994e-01 -4.990357436200838492e-01
7.981608196661958976e-01 -6.991294375056080757e-01
7.990659280981861068e-01 -8.353627517692104876e-01
7.999710365301762049e-01 -8.915242582952271899e-01
8.008761449621664141e-01 -8.634470423756210877e-01
8.017812533941565123e-01 -7.515453184459801594e-01
8.026863618261467215e-01 -5.698917724109275884e-01
8.035914702581368196e-01 -3.363608256334909008e-01
8.044965786901270288e-01 -7.942788381274000498e-02
8.054016871221171270e-01 1.739687539472970224e-01
8.063067955541073362e-01 3.930292416869422545e-01
8.072119039860974343e-01 5.559515896798257195e-01
8.081170124180876435e-01 6.438917613528446493e-01
8.090221208500777417e-01 6.523700665828114920e-01
8.099272292820679509e-01 5.826558148882111654e-01
8.108323377140580490e-01 4.503975911750840999e-01
8.117374461460482582e-01 2.739700878746664237e-01
8.126425545780383564e-01 8.084849237998539828e-02
8.135476630100285655e-01 -1.056888707862145005e-01
8.144527714420186637e-01 -2.604237489183274246e-01
8.153578798740088729e-01 -3.688848810808665335e-01
8.162629883059989711e-01 -4.193490153808851484e-01
8.171680967379891802e-01 -4.133587843697988373e-01
8.180732051699792784e-01 -3.550755615882916216e-01
8.189783136019694876e-01 -2.596980604526627490e-01
8.198834220339595857e-01 -1.409687550613107909e-01
8.207885304659497949e-01 -1.884061857755285618e-02
8.216936388979398931e-01 9.326414135287360019e-02
8.225987473299299912e-01 1.799772615449111157e-01
8.235038557619202004e-01 2.357239730382444942e-01
8.244089641939102986e-01 2.546306934392160715e-01
8.253140726259005078e-01 2.409724726846968201e-01
8.262191810578906059e-01 1.976239739691780517e-01
8.271242894898808151e-01 1.357321681609237884e-01
8.280293979218709133e-01 6.241811204291152632e-02
8.289345063538611225e-01 -9.541740009083067575e-03
8.298396147858512206e-01 -7.400635762696113062e-02
8.307447232178414298e-01 -1.211744629308969257e-01
8.316498316498315280e-01 -1.495788093063042667e-01
8.325549400818217372e-01 -1.549262620883420649e-01
8.334600485138118353e-01 -1.415004579088676162e-01
8.343651569458020445e-01 -1.101494650224029148e-01
8.352702653777921427e-01 -6.929260040993506786e-02
8.361753738097823518e-01 -2.234386381268174335e-02
8.370804822417724500e-01 2.132988388447297143e-02
8.379855906737626592e-01 5.913383331352039390e-02
8.388906991057527573e-01 8.393332338529034542e-02
8.397958075377429665e-01 9.652263907121295949e-02
8.407009159697330647e-01 9.366744304011934141e-02
8.416060244017232739e-01 8.012155871332139745e-02
8.425111328337133720e-01 5.601357125164967837e-02
8.434162412657035812e-01 2.853346898377670179e-02
8.443213496976936794e-01 -1.042051629248299952e-03
8.452264581296838886e-01 -2.563683192129568439e-02
8.461315665616739867e-01 -4.529225934826541788e-02
8.470366749936641959e-01 -5.507981917479234241e-02
8.479417834256542941e-01 -5.767608437177047104e-02
8.488468918576445033e-01 -5.078539706080488492e-02
8.497520002896346014e-01 -3.937015803575292378e-02
8.506571087216248106e-01 -2.274470638173408873e-02
8.515622171536149088e-01 -6.678790978590563171e-03
8.524673255856051179e-01 9.542091904942859304e-03
8.533724340175952161e-01 2.088724567986671027e-02
8.542775424495854253e-01 2.931659492807782430e-02
8.551826508815755234e-01 3.130353999951680788e-02
8.560877593135657326e-01 3.030202661547041695e-02
8.569928677455558308e-01 2.407977771975563369e-02
8.578979761775460400e-01 1.700385305103043268e-02
8.588030846095361381e-01 7.344644638190957545e-03
8.597081930415262363e-01 -4.871140331477808241e-04
8.606133014735164455e-01 -8.512287724586752036e-03
8.615184099055065436e-01 -1.291307127715840899e-02
8.624235183374967528e-01 -1.640556840834234489e-02
8.633286267694868510e-01 -1.593993470832161599e-02
8.642337352014770602e-01 -1.487558095966924447e-02
8.651388436334671583e-01 -1.071653157756883787e-02
8.660439520654573675e-01 -7.131213600310665722e-03
8.669490604974474657e-01 -1.801359214327239973e-03
8.678541689294376749e-01 1.680543823032391209e-03
8.687592773614277730e-01 5.787880407651385326e-03
8.696643857934179822e-01 7.270323423475714975e-03
8.705694942254080804e-01 8.918821575369649882e-03
8.714746026573982896e-01 7.896552171674937545e-03
8.723797110893883877e-01 7.278721499659743417e-03
8.732848195213785969e-01 4.534823187456069223e-03
8.741899279533686951e-01 2.846665266155854260e-03
8.750950363853589042e-01 -2.127381786125624795e-04
8.760001448173490024e-01 -1.570198979420126244e-03
8.769052532493392116e-01 -3.731079036764185872e-03
8.778103616813293097e-01 -3.874368721680446302e-03
8.787154701133195189e-01 -4.658044222859138335e-03
8.796205785453096171e-01 -3.530664333828543999e-03
8.805256869772998263e-01 -3.251443978951074846e-03
8.814307954092899244e-01 -1.447916608560244562e-03
8.823359038412801336e-01 -8.532232463518449155e-04
8.832410122732702318e-01 8.521959845219617127e-04
8.841461207052604410e-01 1.080956704697864619e-03
8.850512291372505391e-01 2.180741528207506743e-03
8.859563375692407483e-01 1.758841921568381206e-03
8.868614460012308465e-01 2.192058518628915188e-03
8.877665544332210557e-01 1.256510819483838606e-03
8.886716628652111538e-01 1.300982360730886141e-03
8.895767712972013630e-01 2.085960629234549866e-04
8.904818797291914612e-01 2.312528386507474952e-04
8.913869881611816703e-01 -6.931190885930106019e-04
8.922920965931717685e-01 -4.516606290737025216e-04
8.931972050251619777e-01 -1.067238270205588891e-03
8.941023134571520758e-01 -5.689432070808646399e-04
8.950074218891422850e-01 -9.221988134700526531e-04
8.959125303211323832e-01 -2.766694054810561244e-04
8.968176387531224814e-01 -5.095471239250523544e-04
8.977227471851126905e-01 1.327905234411223226e-04
8.986278556171027887e-01 -1.137757918179807992e-04
8.995329640490929979e-01 4.204807107691753269e-04
9.004380724810830960e-01 9.502273362710406568e-05
9.013431809130733052e-01 4.941557518729411055e-04
9.022482893450634034e-01 9.857245478019695814e-05
9.031533977770536126e-01 3.964264205754631978e-04
9.040585062090437107e-01 -1.846045774750280113e-05
9.049636146410339199e-01 2.336101177682891065e-04
9.058687230730240181e-01 -1.473431276447633050e-04
9.067738315050142273e-01 1.013810818895312995e-04
9.076789399370043254e-01 -2.162741690234323453e-04
9.085840483689945346e-01 4.255108203594959345e-05
9.094891568009846328e-01 -2.114408590763463506e-04
9.103942652329748420e-01 4.642985259203259035e-05
9.112993736649649401e-01 -1.610679518199276518e-04
9.122044820969551493e-01 7.549844860732532015e-05
9.131095905289452475e-01 -1.042916336315507738e-04
9.140146989609354566e-01 9.557915398000477300e-05
9.149198073929255548e-01 -6.602260918862207228e-05
9.158249158249157640e-01 9.314209787401973102e-05
9.167300242569058621e-01 -4.902495801687836897e-05
9.176351326888960713e-01 7.393403799517173384e-05
9.185402411208861695e-01 -4.258607813587209621e-05
9.194453495528763787e-01 5.037264451136213168e-05
9.203504579848664768e-01 -3.562661408506304013e-05
9.212555664168566860e-01 3.062031398225257997e-05
9.221606748488467842e-01 -2.401017971199312907e-05
9.230657832808369934e-01 1.562244125374081180e-05
9.239708917128270915e-01 -9.962832900236567039e-06
9.248760001448173007e-01 3.400743292413468361e-06
9.257811085768073989e-01 -0.000000000000000000e+00
9.266862170087976081e-01 0.000000000000000000e+00
9.275913254407878172e-01 0.000000000000000000e+00
9.284964338727779154e-01 0.000000000000000000e+00
9.294015423047681246e-01 0.000000000000000000e+00
9.303066507367582227e-01 0.000000000000000000e+00
9.312117591687484319e-01 0.000000000000000000e+00
9.321168676007385301e-01 0.000000000000000000e+00
9.330219760327287393e-01 0.000000000000000000e+00
9.339270844647188374e-01 0.000000000000000000e+00
9.348321928967090466e-01 0.000000000000000000e+00
9.357373013286991448e-01 0.000000000000000000e+00
9.366424097606893540e-01 0.000000000000000000e+00
9.375475181926794521e-01 0.000000000000000000e+00
9.384526266246696613e-01 0.000000000000000000e+00
9.393577350566597595e-01 0.000000000000000000e+00
9.402628434886499686e-01 0.000000000000000000e+00
9.411679519206400668e-01 0.000000000000000000e+00
9.420730603526302760e-01 0.000000000000000000e+00
9.429781687846203742e-01 0.000000000000000000e+00
9.438832772166105833e-01 0.000000000000000000e+00
9.447883856486006815e-01 0.000000000000000000e+00
9.456934940805908907e-01 0.000000000000000000e+00
9.465986025125809888e-01 0.000000000000000000e+00
9.475037109445711980e-01 0.000000000000000000e+00
9.484088193765612962e-01 0.000000000000000000e+00
9.493139278085515054e-01 0.000000000000000000e+00
9.502190362405416035e-01 0.000000000000000000e+00
9.511241446725318127e-01 0.000000000000000000e+00
9.520292531045219109e-01 0.000000000000000000e+00
9.529343615365121201e-01 0.000000000000000000e+00
9.538394699685022182e-01 0.000000000000000000e+00
9.547445784004924274e-01 0.000000000000000000e+00
9.556496868324825256e-01 0.000000000000000000e+00
9.565547952644727348e-01 0.000000000000000000e+00
9.574599036964628329e-01 0.000000000000000000e+00
9.583650121284530421e-01 0.000000000000000000e+00
9.592701205604431403e-01 0.000000000000000000e+00
9.601752289924333494e-01 0.000000000000000000e+00
9.610803374244234476e-01 0.000000000000000000e+00
9.619854458564136568e-01 0.000000000000000000e+00
9.628905542884037549e-01 0.000000000000000000e+00
9.637956627203938531e-01 0.000000000000000000e+00
9.647007711523840623e-01 0.000000000000000000e+00
9.656058795843741605e-01 0.000000000000000000e+00
9.665109880163643696e-01 0.000000000000000000e+00
9.674160964483544678e-01 0.000000000000000000e+00
9.683212048803446770e-01 0.000000000000000000e+00
9.692263133123347751e-01 0.000000000000000000e+00
9.701314217443249843e-01 0.000000000000000000e+00
9.710365301763150825e-01 0.000000000000000000e+00
9.719416386083052917e-01 0.000000000000000000e+00
9.728467470402953898e-01 0.000000000000000000e+00
9.737518554722855990e-01 0.000000000000000000e+00
9.746569639042756972e-01 0.000000000000000000e+00
9.755620723362659064e-01 0.000000000000000000e+00
9.764671807682560045e-01 0.000000000000000000e+00
9.773722892002462137e-01 0.000000000000000000e+00
9.782773976322363119e-01 0.000000000000000000e+00
9.791825060642265210e-01 0.000000000000000000e+00
9.800876144962166192e-01 0.000000000000000000e+00
9.809927229282068284e-01 0.000000000000000000e+00
9.818978313601969266e-01 0.000000000000000000e+00
9.828029397921871357e-01 0.000000000000000000e+00
9.837080482241772339e-01 0.000000000000000000e+00
9.846131566561674431e-01 0.000000000000000000e+00
9.855182650881575412e-01 0.000000000000000000e+00
9.864233735201477504e-01 0.000000000000000000e+00
9.873284819521378486e-01 0.000000000000000000e+00
9.882335903841280578e-01 0.000000000000000000e+00
9.891386988161181559e-01 0.000000000000000000e+00
9.900438072481083651e-01 0.000000000000000000e+00
9.909489156800984633e-01 0.000000000000000000e+00
9.918540241120886725e-01 0.000000000000000000e+00
9.927591325440787706e-01 0.000000000000000000e+00
9.936642409760689798e-01 0.000000000000000000e+00
9.945693494080590780e-01 0.000000000000000000e+00
9.954744578400492871e-01 0.000000000000000000e+00
9.963795662720393853e-01 0.000000000000000000e+00
9.972846747040295945e-01 0.000000000000000000e+00
9.981897831360196927e-01 0.000000000000000000e+00
9.990948915680099018e-01 0.000000000000000000e+00
1.000000000000000000e+00 0.000000000000000000e+00
